-0.6767 0.2053 0.2706 -0.6533
-0.7699 0.1795 0.5731 0.2157
-0.4106 0.9061 0.0745 -0.0698
-0.0231 0.7067 0.7056 -0.0462
0.6737 0.0664 -0.0721 0.7324
-0.8376 0.0825 0.5168 0.1568
0.0164 0.4997 -0.0566 0.8642
-0.7309 0.2217 0.247 -0.5964
-0.6041 0.2274 0.3819 -0.6614
-0.7067 0.0231 0.0462 -0.7056
0.7634 0.025 -0.0843 0.64
-0.7437 0.337 0.3515 -0.458
-0.6593 0.1537 0.2592 -0.6888
0.1438 0.3821 -0.2934 0.8644
-0.6766 0.0222 -0.0241 -0.7356
-0.7438 0.1734 0.1671 -0.6235
0.2093 0.2235 0.6039 -0.7359
-0.8619 0.0849 0.4619 0.1913
0.1152 0.6977 0.7011 0.0923
0.1451 0.4785 -0.3314 0.8001
-0.52 0.3234 0.4605 -0.6426
-0.0316 0.9664 0.1862 -0.1744
-0.6704 0.3037 0.3575 -0.5749
-0.6369 0.1051 0.2455 -0.7232
-0.6618 0.2491 -0.3536 0.6124
-0.6111 0.5015 -0.6094 -0.06
-0.0134 0.408 0.1192 -0.9051
-0.8196 0.1911 0.5054 0.1902
-0.3907 0.1185 0.8434 0.3493
-0.7262 0.1199 0.1537 -0.6593
-0.1244 0.7536 0.2075 0.6112
0.7324 0.0721 0.0664 0.6737
-0.1451 0.4785 0.0 -0.866
0.4122 0.9097 -0.0478 -0.018
0.7356 0.0241 -0.0222 0.6766
-0.6424 0.0633 0.149 -0.7491
0.0166 0.1007 -0.9688 -0.2259
-0.0222 0.6766 0.7356 0.0241
-0.7847 0.4194 -0.3528 -0.2896
0.8938 0.2711 -0.2884 -0.2108
0.7642 0.2876 0.1856 0.5467
0.7634 0.025 0.1671 0.6235
-0.5731 0.2157 0.3263 -0.7201
-0.3876 0.241 -0.7232 -0.5183
-0.9659 0.1595 -0.204 -0.0067
-0.8544 0.3216 -0.3069 -0.2692
-0.5482 0.3409 0.5036 -0.5742
-0.7601 0.0749 0.1259 -0.6331
-0.6336 0.2385 0.3037 -0.6704
-0.6094 0.06 0.2295 -0.7565
-0.6977 0.1152 0.2273 -0.6696
-0.6618 0.2491 0.3536 -0.6124
0.7262 0.1199 0.1537 0.6593
-0.2217 0.7309 0.247 -0.5964
-0.6441 0.2918 0.3127 -0.6342
-0.1874 0.6177 0.7638 0.0
-0.9534 0.2223 0.149 0.1395
0.1734 0.7438 -0.1671 0.6235
-0.6167 0.2794 -0.5031 0.5372
-0.7438 0.1734 0.6235 0.1671
0.3567 0.4978 0.6714 0.4175
0.1671 0.7168 0.668 0.1103
0.0222 0.6766 -0.6888 -0.2592
-0.7037 0.0693 0.138 -0.6935
-0.1902 0.5054 -0.1911 -0.8196
0.025 0.2539 -0.0569 0.9652
-0.6506 0.5339 0.3426 0.4175
0.3152 0.6957 0.5789 0.2855
-0.01 0.306 0.1551 -0.9393
0.7262 0.1199 0.0222 0.6766
0.0177 0.5398 0.0275 0.8412
-0.7356 0.0241 0.1103 -0.668
-0.7437 0.337 0.458 0.3515
0.1568 0.5168 -0.2443 0.8054
-0.7043 0.2136 0.1965 -0.6479
-0.7168 0.1671 0.2385 -0.6336
0.6426 0.4605 0.3234 0.52
0.7901 0.0259 -0.5964 -0.1391
-0.9557 0.2899 0.0241 -0.045
-0.3719 0.1685 -0.9051 0.1192
0.5982 0.4287 0.3575 0.5749
-0.2794 0.6167 0.7262 -0.1199
0.2196 0.9416 -0.0612 0.2477
0.0916 0.9295 -0.005 0.3572
-0.1199 0.7262 0.3575 -0.5749
-0.9742 0.096 -0.02 0.2031
-0.6886 0.1606 0.3127 -0.6342
-0.6177 0.1874 0.2923 -0.7056
0.269 0.7148 0.6112 0.2075
-0.1874 0.6177 0.7491 -0.149
-0.7565 0.2295 0.586 0.1778
0.6957 0.3152 0.6441 -0.0422
0.4095 0.499 -0.4243 -0.635
-0.6766 0.0222 0.1199 -0.7262
0.1537 0.6593 -0.625 -0.3886
0.6977 0.1152 0.0923 0.7011
0.668 0.1103 -0.7262 -0.1199
0.6486 0.4033 0.3227 0.559
0.2794 0.6167 0.6888 0.2592
0.1051 0.6369 0.7572 0.0997
0.7043 0.2136 0.1965 0.6479
-0.06 0.6094 0.7868 -0.0775
-0.6479 0.1965 0.3469 -0.6491
0.4628 0.4941 0.6704 0.3037
-0.6491 0.3469 -0.4295 -0.5233
0.2918 0.6441 -0.3127 0.6342
-0.468 0.1761 0.8201 0.2784
-0.5749 0.3575 0.4287 -0.5982
-0.7952 0.1854 0.5577 0.1494
-0.5247 0.376 0.4649 -0.6059
0.6593 0.1537 -0.0241 0.7356
0.6977 0.1152 0.0462 -0.7056
0.3734 0.6005 -0.4662 0.5316
-0.78 0.1288 0.612 0.02
-0.588 0.2664 0.3378 -0.685
0.2034 0.5403 -0.1066 0.8095
-0.78 0.1288 0.5964 0.1391
-0.1671 0.7168 -0.6766 -0.0222
0.1965 0.6479 0.7043 0.2136
-0.1965 0.6479 0.3469 -0.6491
-0.6479 0.1965 -0.3469 0.6491
0.0721 0.7324 0.6737 0.0664
0.7601 0.0749 -0.0 0.6455
-0.6637 0.4756 0.3807 0.4341
-0.6094 0.06 -0.0775 -0.7868
0.6766 0.0222 -0.0241 0.7356
0.7067 0.0231 -0.0923 0.7011
-0.1537 0.6593 0.3037 -0.6704
-0.0211 0.6452 0.7621 -0.05
-0.6479 0.1965 0.2136 -0.7043
-0.4834 0.5161 0.5316 -0.4662
0.6886 0.1606 0.183 0.683
-0.3333 0.6236 -0.6935 0.138
-0.9001 0.4078 -0.151 0.0249
-0.3976 0.0927 0.8187 0.4038
-0.0231 0.7067 0.3536 -0.6124
-0.237 0.7813 0.2209 0.5334
0.2274 0.6041 -0.3819 0.6614
0.1051 0.6369 -0.0997 0.7572
-0.6767 0.2053 0.138 -0.6935
0.0231 0.7067 0.7056 0.0462
0.2807 0.9253 0.2296 -0.1114
-0.5401 0.2887 0.3727 -0.6972
0.088 0.5328 -0.0275 0.8412
0.7666 0.3473 0.2852 0.4586
0.3575 0.5749 0.5982 0.4287
-0.6736 0.36 0.3586 -0.5367
-0.1226 0.526 0.0275 -0.8412
0.5582 0.5959 -0.458 0.3515
-0.3947 0.4214 -0.2625 -0.7732
-0.8396 0.4488 -0.1783 -0.2489
0.265 0.8736 0.0796 -0.4004
-0.6042 0.0998 0.3263 -0.7201
-0.7634 0.025 0.0422 -0.6441
0.2053 0.6767 0.6935 0.138
-0.2527 0.5578 0.78 -0.1288
0.4295 0.5233 0.5689 0.4669
-0.6236 0.3333 0.3928 -0.5879
-0.8161 0.0267 0.5577 0.1494
-0.6042 0.0998 0.1795 -0.7699
0.2053 0.6767 0.6533 0.2706
0.5161 0.4834 0.4662 0.5316
-0.1874 0.6177 0.2923 -0.7056
-0.6934 0.4312 -0.3515 -0.458
-0.2053 0.6767 0.2706 -0.6533
0.1911 0.8196 -0.1902 0.5054
-0.0695 0.2982 0.0933 -0.9474
-0.2053 0.6767 -0.7071 -0.0
-0.6888 0.2592 0.2794 -0.6167
-0.8742 0.329 0.3571 -0.0083
-0.7067 0.0231 0.183 -0.683
-0.7868 0.0775 0.586 0.1778
-0.7148 0.269 0.3227 -0.559
-0.5525 0.1676 0.3125 -0.7543
0.0664 0.6737 0.7324 0.0721
-0.8304 0.1371 0.526 0.1226
-0.376 0.5247 0.6059 -0.4649
-0.3555 0.035 -0.9339 -0.0131
0.1391 0.5964 -0.1288 0.78
0.1676 0.5525 -0.1593 0.8008
0.3191 0.5971 0.6491 0.3469
0.0749 0.7601 0.6331 0.1259
-0.3254 0.1474 0.8742 0.329
-0.5233 0.4295 0.4669 -0.5689
-0.7699 0.1795 0.2157 -0.5731
-0.5982 0.4287 0.3575 -0.5749
0.3943 0.5503 -0.5031 0.5372
0.7067 0.0231 -0.7056 0.0462
0.6041 0.2274 -0.0997 -0.7572
-0.8056 0.133 0.5467 0.1856
0.0348 0.1491 0.5218 -0.8392
-0.8938 0.2711 -0.3513 0.0648
-0.7536 0.1244 0.2075 -0.6112
-0.5466 0.4486 0.5 -0.5
-0.931 0.3504 -0.102 -0.0033
-0.4605 0.6426 -0.5578 -0.2527
-0.4628 0.4941 0.5031 -0.5372
0.2031 0.02 0.9742 -0.096
-0.2385 0.6336 0.7356 -0.0241
-0.5971 0.3191 0.3469 -0.6491
-0.5693 0.3043 0.4243 -0.635
-0.0311 0.9515 0.2489 -0.1783
0.1016 0.01 0.8773 0.4689
-0.7201 0.3849 -0.4082 -0.4082
0.7634 0.025 -0.64 -0.0843
-0.78 0.1288 0.1391 -0.5964
-0.8619 0.0849 0.4904 0.0975
-0.7356 0.0241 0.6336 0.2385
-0.269 0.7148 0.0422 -0.6441
-0.8054 0.2443 0.5168 0.1568
0.1391 0.5964 0.78 0.1288
0.3943 0.5503 0.5372 0.5031
-0.4445 0.1036 -0.7556 -0.4699
0.1226 0.526 -0.2965 0.7877
-0.6972 0.3727 0.2887 -0.5401
-0.7868 0.0775 0.6094 0.06
-0.1411 0.8545 0.0327 -0.4989
-0.1537 0.6593 0.7262 -0.1199
0.7634 0.025 0.0422 0.6441
-0.191 0.0719 -0.1595 -0.9659
0.025 0.7634 0.64 -0.0843
0.7037 0.0693 -0.0 0.7071
-0.6957 0.3152 0.2855 -0.5789
0.36 0.6736 0.5964 0.247
0.2794 0.6167 0.625 0.3886
0.2527 0.5578 0.7399 0.2785
-0.0241 0.7356 0.1537 -0.6593
0.0421 0.093 0.0325 0.9942
-0.6886 0.1606 0.183 -0.683
-0.4785 0.1451 0.8494 0.169
-0.6593 0.1537 0.1199 -0.7262
0.3037 0.6704 0.6336 0.2385
-0.6167 0.2794 -0.6888 -0.2592
0.1152 0.6977 0.0462 0.7056
-0.4976 0.049 0.8494 0.169
-0.2121 0.9096 0.0417 -0.3548
0.2664 0.588 -0.1977 0.7377
-0.2196 0.9416 0.0612 0.2477
0.6177 0.1874 0.0 -0.7638
0.3469 0.6491 0.5971 0.3191
0.2268 0.9726 -0.0433 -0.0269
-0.1199 0.7262 -0.668 -0.1103
-0.954 0.1575 -0.2074 -0.1486
-0.2664 0.588 0.7377 -0.1977
0.1537 0.6593 -0.2592 0.6888
0.0664 0.6737 -0.6491 -0.3469
0.0849 0.8619 0.1913 -0.4619
-0.1391 0.5964 0.3263 -0.7201
-0.8671 0.3929 -0.2235 -0.2093
-0.8808 0.4708 0.0488 0.0148
0.1487 0.9007 -0.1312 0.3866
0.0275 0.8412 0.0177 0.5398
0.1443 0.27 0.3929 -0.8671
0.3343 0.1258 0.9152 -0.1865
0.049 0.4976 -0.3314 0.8001
0.6766 0.0222 -0.1671 0.7168
-0.7437 0.337 -0.458 -0.3515
-0.6737 0.0664 0.0721 -0.7324
-0.4413 0.4711 0.5742 -0.5036
-0.0241 0.7356 0.6766 0.0222
0.3481 0.9249 -0.1244 0.0892
-0.3047 0.03 0.911 0.2763
-0.8396 0.4488 -0.2367 -0.1942
-0.7324 0.0721 0.0664 -0.6737
-0.0241 0.7356 0.1103 0.668
0.0231 0.7067 -0.0462 0.7056
0.612 0.02 -0.1795 0.7699
0.0311 0.9515 0.03 -0.3047
-0.4658 0.8715 0.1117 0.1047
0.2664 0.588 0.685 0.3378
0.0566 0.5746 -0.0 0.8165
0.4295 0.5233 -0.4669 -0.5689
0.2157 0.5731 -0.4605 0.6426
-0.4689 0.8773 0.0789 -0.0647
0.1606 0.6886 -0.561 -0.4305
0.6886 0.1606 0.0923 -0.7011
0.06 0.6094 -0.0775 0.7868
-0.094 0.5696 -0.4082 -0.7071
0.8855 0.0872 -0.4368 -0.1325
-0.661 0.7057 0.0867 0.24
-0.6312 0.518 0.4082 0.4082
-0.5623 0.1311 0.8147 0.0534
0.4119 0.5748 -0.3536 -0.6124
-0.1288 0.78 0.02 0.612
0.2073 0.889 0.1057 -0.3943
-0.5317 0.742 0.1806 0.3661
0.9515 0.0311 -0.2367 -0.1942
0.3575 0.5749 -0.3886 -0.625
0.357 0.0117 0.871 0.3372
0.1103 0.668 0.7168 0.1671
-0.2217 0.7309 0.5964 -0.247
0.4095 0.499 0.5401 0.5401
-0.293 0.0889 0.891 0.3353
-0.668 0.1103 0.1671 -0.7168
-0.1347 0.2167 0.0822 -0.9634
0.0211 0.6452 -0.05 0.7621
-0.6977 0.1152 0.6696 0.2273
0.2157 0.5731 0.7201 0.3263
0.1965 0.6479 -0.2136 0.7043
0.5971 0.3191 -0.2136 -0.7043
