 -0.05000000  -0.05000000  -0.05000000   0.99624294
 -0.05000000  -0.05000000   0.00000000   0.99749687
 -0.05000000  -0.05000000   0.05000000   0.99624294
 -0.05000000   0.00000000  -0.05000000   0.99749687
 -0.05000000   0.00000000   0.00000000   0.99874922
 -0.05000000   0.00000000   0.05000000   0.99749687
 -0.05000000   0.05000000  -0.05000000   0.99624294
 -0.05000000   0.05000000   0.00000000   0.99749687
 -0.05000000   0.05000000   0.05000000   0.99624294
  0.00000000  -0.05000000  -0.05000000   0.99749687
  0.00000000  -0.05000000   0.00000000   0.99874922
  0.00000000  -0.05000000   0.05000000   0.99749687
  0.00000000   0.00000000  -0.05000000   0.99874922
  0.00000000   0.00000000   0.00000000   1.00000000
  0.00000000   0.00000000   0.05000000   0.99874922
  0.00000000   0.05000000  -0.05000000   0.99749687
  0.00000000   0.05000000   0.00000000   0.99874922
  0.00000000   0.05000000   0.05000000   0.99749687
  0.05000000  -0.05000000  -0.05000000   0.99624294
  0.05000000  -0.05000000   0.00000000   0.99749687
  0.05000000  -0.05000000   0.05000000   0.99624294
  0.05000000   0.00000000  -0.05000000   0.99749687
  0.05000000   0.00000000   0.00000000   0.99874922
  0.05000000   0.00000000   0.05000000   0.99749687
  0.05000000   0.05000000  -0.05000000   0.99624294
  0.05000000   0.05000000   0.00000000   0.99749687
  0.05000000   0.05000000   0.05000000   0.99624294
